Date,Response Time
06/08/2020 07:39:02',0:00:06'
06/08/2020 07:39:04',0:00:01'
06/08/2020 07:39:08',0:00:02'
06/08/2020 07:39:11',0:00:01'
06/08/2020 07:39:19',0:00:01'
06/08/2020 07:39:21',0:00:02'
06/08/2020 07:39:29',0:00:01'
06/08/2020 07:39:58',0:00:26'
06/08/2020 07:40:04',0:00:03'
06/08/2020 07:40:16',0:00:01'
06/08/2020 07:40:21',0:00:02'
06/08/2020 07:40:26',0:00:01'
06/08/2020 07:40:31',0:00:01'
06/08/2020 07:40:39',0:00:03'
06/08/2020 07:40:57',0:00:03'
06/08/2020 07:41:11',0:00:07'
06/08/2020 07:41:16',0:00:02'
06/08/2020 07:41:27',0:00:02'
06/08/2020 07:41:43',0:00:08'
06/08/2020 07:41:55',0:00:01'
06/08/2020 07:42:08',0:00:02'
06/08/2020 07:42:15',0:00:03'
06/08/2020 07:42:19',0:00:00'
06/08/2020 07:53:22',0:00:02'
06/08/2020 12:18:27',0:00:05'
06/08/2020 12:18:36',0:00:01'
06/08/2020 12:18:48',0:00:01'
06/08/2020 12:18:54',0:00:01'
06/08/2020 12:18:56',0:00:01'
06/08/2020 12:18:57',0:00:01'
06/08/2020 12:19:42',0:00:40'
06/08/2020 12:19:50',0:00:02'
06/08/2020 12:19:59',0:00:02'
06/08/2020 12:20:09',0:00:02'
06/08/2020 12:20:14',0:00:03'
06/08/2020 12:20:37',0:00:03'
06/08/2020 12:21:32',0:00:02'
06/08/2020 12:21:53',0:00:14'
06/08/2020 12:23:26',0:00:02'
06/08/2020 12:23:34',0:00:04'
06/08/2020 12:23:38',0:00:00'
06/08/2020 12:23:51',0:00:03'
06/08/2020 12:23:58',0:00:02'
06/08/2020 12:30:59',0:00:01'
06/08/2020 12:31:02',0:00:00'
06/08/2020 12:31:07',0:00:03'
06/08/2020 12:31:08',0:00:00'
06/08/2020 12:32:08',0:00:04'
06/08/2020 12:32:10',0:00:01'
06/08/2020 12:32:57',0:00:01'
06/08/2020 12:33:13',0:00:14'
06/08/2020 12:33:16',0:00:01'
06/08/2020 12:35:06',0:00:02'
06/08/2020 12:35:11',0:00:03'
06/08/2020 13:20:56',0:00:00'
06/08/2020 14:23:25',0:00:06'
06/08/2020 14:23:32',0:00:01'
06/08/2020 14:23:43',0:00:02'
06/08/2020 14:24:06',0:00:01'
06/08/2020 14:24:16',0:00:02'
06/08/2020 14:24:19',0:00:01'
06/08/2020 14:25:21',0:00:55'
06/08/2020 14:26:08',0:00:38'
06/08/2020 14:26:13',0:00:02'
06/08/2020 14:26:21',0:00:02'
06/08/2020 14:26:35',0:00:01'
06/08/2020 14:27:46',0:00:03'
06/08/2020 14:28:19',0:00:03'
06/08/2020 14:29:13',0:00:02'
06/08/2020 14:29:44',0:00:11'
06/08/2020 14:29:53',0:00:01'
06/08/2020 14:30:36',0:00:02'
06/08/2020 14:30:45',0:00:01'
06/08/2020 14:31:12',0:00:03'
06/08/2020 14:31:18',0:00:03'
06/08/2020 14:31:24',0:00:01'
06/08/2020 14:31:34',0:00:01'
06/08/2020 14:31:41',0:00:02'
06/08/2020 14:31:58',0:00:14'
06/08/2020 14:32:07',0:00:01'
06/08/2020 14:32:18',0:00:02'
06/08/2020 14:32:25',0:00:04'
06/08/2020 14:32:33',0:00:00'
06/08/2020 14:32:37',0:00:01'
06/08/2020 14:32:47',0:00:01'
06/08/2020 14:32:53',0:00:03'
06/08/2020 14:33:01',0:00:00'
06/08/2020 14:33:08',0:00:02'
06/08/2020 14:33:11',0:00:00'
06/08/2020 21:14:07',0:00:00'
06/08/2020 21:14:12',0:00:04'
06/08/2020 21:14:23',0:00:02'
06/08/2020 21:14:34',0:00:03'
06/08/2020 21:14:52',0:00:02'
06/08/2020 21:15:00',0:00:04'
06/08/2020 21:15:09',0:00:00'
06/08/2020 21:15:12',0:00:02'
06/08/2020 21:15:19',0:00:03'
06/08/2020 21:15:23',0:00:03'
06/08/2020 21:15:28',0:00:00'
06/08/2020 21:15:34',0:00:03'
06/08/2020 21:15:44',0:00:03'
06/08/2020 21:16:04',0:00:01'
06/08/2020 21:16:10',0:00:03'
06/08/2020 21:16:19',0:00:01'
06/08/2020 21:16:26',0:00:03'
06/08/2020 21:16:29',0:00:03'
06/08/2020 21:16:35',0:00:02'
06/08/2020 21:16:44',0:00:03'
06/08/2020 21:16:49',0:00:01'
06/08/2020 21:16:56',0:00:04'
06/08/2020 21:16:59',0:00:00'
06/08/2020 21:17:10',0:00:02'
06/08/2020 21:17:19',0:00:03'
06/08/2020 21:17:40',0:00:03'
06/08/2020 21:17:52',0:00:02'
06/08/2020 21:18:00',0:00:02'
06/08/2020 21:18:07',0:00:04'
06/08/2020 21:18:14',0:00:00'
06/08/2020 21:18:29',0:00:02'
06/08/2020 21:18:50',0:00:14'
06/08/2020 21:19:16',0:00:02'
06/08/2020 21:19:23',0:00:04'
06/08/2020 21:19:25',0:00:00'
07/08/2020 06:21:06',0:00:02'
07/08/2020 06:21:18',0:00:03'
07/08/2020 06:21:41',0:00:02'
07/08/2020 06:21:58',0:00:14'
07/08/2020 06:22:22',0:00:02'
07/08/2020 06:22:28',0:00:04'
07/08/2020 06:22:33',0:00:01'
07/08/2020 08:04:44',0:00:01'
07/08/2020 08:04:56',0:00:10'
07/08/2020 08:05:00',0:00:02'
07/08/2020 08:05:04',0:00:01'
07/08/2020 08:05:11',0:00:02'
07/08/2020 08:05:17',0:00:03'
07/08/2020 08:05:24',0:00:02'
07/08/2020 08:05:28',0:00:01'
07/08/2020 08:05:32',0:00:02'
07/08/2020 08:05:34',0:00:01'
07/08/2020 08:05:39',0:00:03'
07/08/2020 08:05:44',0:00:03'
07/08/2020 08:06:04',0:00:02'
07/08/2020 08:06:22',0:00:09'
07/08/2020 08:07:04',0:00:02'
07/08/2020 08:07:10',0:00:04'
07/08/2020 08:07:15',0:00:00'
07/08/2020 08:29:44',0:00:03'
07/08/2020 11:59:29',0:00:00'
07/08/2020 11:59:35',0:00:03'
07/08/2020 11:59:38',0:00:01'
07/08/2020 11:59:48',0:00:03'
08/08/2020 06:51:02',0:00:05'
08/08/2020 06:51:11',0:00:01'
08/08/2020 06:51:16',0:00:01'
08/08/2020 06:51:39',0:00:01'
08/08/2020 06:51:41',0:00:02'
08/08/2020 06:52:59',0:01:06'
08/08/2020 13:34:39',0:00:01'
08/08/2020 13:35:08',0:00:03'
08/08/2020 13:35:22',0:00:04'
08/08/2020 13:35:40',0:00:03'
08/08/2020 13:36:00',0:00:01'
08/08/2020 13:36:18',0:00:15'
08/08/2020 13:36:38',0:00:02'
08/08/2020 13:36:44',0:00:04'
08/08/2020 13:36:58',0:00:00'
08/08/2020 13:37:07',0:00:03'
08/08/2020 13:37:17',0:00:02'
08/08/2020 13:37:37',0:00:02'
08/08/2020 13:37:55',0:00:09'
08/08/2020 13:37:56',0:00:01'
08/08/2020 13:38:15',0:00:01'
08/08/2020 13:38:20',0:00:01'
08/08/2020 13:38:28',0:00:01'
08/08/2020 13:38:34',0:00:03'
08/08/2020 13:38:38',0:00:01'
08/08/2020 13:38:42',0:00:02'
08/08/2020 13:38:52',0:00:03'
08/08/2020 13:38:57',0:00:02'
08/08/2020 13:39:04',0:00:04'
08/08/2020 13:39:07',0:00:01'
08/08/2020 13:39:10',0:00:01'
08/08/2020 13:39:22',0:00:01'
08/08/2020 13:39:26',0:00:02'
08/08/2020 13:39:35',0:00:02'
08/08/2020 13:39:45',0:00:01'
08/08/2020 13:40:03',0:00:15'
08/08/2020 13:40:12',0:00:02'
08/08/2020 13:40:24',0:00:01'
08/08/2020 13:40:39',0:00:02'
08/08/2020 13:40:45',0:00:04'
08/08/2020 13:40:48',0:00:00'
08/08/2020 13:40:53',0:00:01'
08/08/2020 13:41:04',0:00:03'
08/08/2020 13:41:06',0:00:00'
08/08/2020 13:41:09',0:00:01'
08/08/2020 13:41:14',0:00:02'
08/08/2020 13:41:21',0:00:03'
08/08/2020 13:41:31',0:00:03'
08/08/2020 13:41:50',0:00:01'
08/08/2020 13:41:58',0:00:04'
08/08/2020 13:42:01',0:00:00'
08/08/2020 13:42:05',0:00:01'
08/08/2020 13:42:16',0:00:03'
08/08/2020 13:42:24',0:00:03'
08/08/2020 13:42:48',0:00:02'
08/08/2020 13:42:55',0:00:04'
08/08/2020 13:42:57',0:00:00'
08/08/2020 13:43:00',0:00:02'
08/08/2020 13:43:01',0:00:01'
08/08/2020 13:43:08',0:00:04'
08/08/2020 13:43:10',0:00:00'
08/08/2020 13:43:15',0:00:03'
08/08/2020 13:43:21',0:00:02'
08/08/2020 13:43:29',0:00:03'
08/08/2020 13:43:40',0:00:03'
08/08/2020 13:43:56',0:00:02'
08/08/2020 13:44:02',0:00:04'
08/08/2020 13:44:05',0:00:00'
08/08/2020 13:44:09',0:00:01'
08/08/2020 13:44:18',0:00:03'
08/08/2020 13:44:31',0:00:03'
08/08/2020 13:44:51',0:00:02'
08/08/2020 13:44:53',0:00:01'
08/08/2020 13:44:56',0:00:00'
08/08/2020 13:45:00',0:00:01'
08/08/2020 13:45:04',0:00:02'
08/08/2020 13:45:08',0:00:00'
08/08/2020 13:45:13',0:00:02'
08/08/2020 13:45:19',0:00:03'
08/08/2020 13:45:26',0:00:02'
08/08/2020 13:45:51',0:00:02'
08/08/2020 13:45:58',0:00:04'
08/08/2020 13:46:02',0:00:01'
08/08/2020 13:46:41',0:00:03'
08/08/2020 13:46:54',0:00:03'
08/08/2020 13:47:21',0:00:02'
08/08/2020 13:47:28',0:00:04'
08/08/2020 13:47:33',0:00:00'
08/08/2020 13:48:57',0:00:03'
08/08/2020 13:49:00',0:00:03'
08/08/2020 13:49:29',0:00:02'
08/08/2020 13:49:35',0:00:04'
08/08/2020 13:49:38',0:00:00'
08/08/2020 13:49:48',0:00:01'
08/08/2020 13:49:55',0:00:03'
08/08/2020 13:50:03',0:00:03'
08/08/2020 13:50:36',0:00:02'
08/08/2020 13:50:43',0:00:04'
08/08/2020 13:50:50',0:00:00'
08/08/2020 13:51:14',0:00:02'
08/08/2020 13:52:07',0:00:02'
08/08/2020 13:52:16',0:00:03'
08/08/2020 13:52:53',0:00:02'
08/08/2020 13:52:58',0:00:04'
08/08/2020 13:53:00',0:00:00'
08/08/2020 18:56:13',0:00:05'
08/08/2020 18:56:17',0:00:02'
08/08/2020 18:56:19',0:00:01'
08/08/2020 18:56:25',0:00:02'
08/08/2020 18:56:48',0:00:02'
08/08/2020 18:56:54',0:00:01'
08/08/2020 18:57:46',0:00:30'
08/08/2020 18:57:56',0:00:02'
08/08/2020 18:58:31',0:00:01'
08/08/2020 18:58:38',0:00:01'
08/08/2020 18:58:42',0:00:01'
08/08/2020 18:58:48',0:00:01'
08/08/2020 18:58:59',0:00:02'
08/08/2020 18:59:17',0:00:01'
08/08/2020 18:59:34',0:00:03'
08/08/2020 18:59:49',0:00:03'
08/08/2020 19:00:10',0:00:02'
08/08/2020 19:00:30',0:00:09'
08/08/2020 19:00:34',0:00:01'
08/08/2020 19:00:52',0:00:01'
08/08/2020 19:00:55',0:00:00'
09/08/2020 08:17:35',0:00:03'
09/08/2020 08:18:31',0:00:02'
09/08/2020 08:18:49',0:00:15'
09/08/2020 08:19:09',0:00:01'
09/08/2020 08:19:25',0:00:14'
09/08/2020 08:20:05',0:00:04'
09/08/2020 08:20:08',0:00:03'
09/08/2020 08:20:37',0:00:02'
09/08/2020 08:20:55',0:00:15'
09/08/2020 08:21:05',0:00:01'
09/08/2020 08:21:20',0:00:02'
09/08/2020 08:21:27',0:00:02'
09/08/2020 08:21:32',0:00:04'
09/08/2020 08:21:33',0:00:00'
09/08/2020 08:21:38',0:00:01'
09/08/2020 08:21:46',0:00:01'
09/08/2020 08:21:58',0:00:03'
09/08/2020 08:23:39',0:00:03'
09/08/2020 08:23:51',0:00:03'
09/08/2020 08:27:34',0:00:02'
09/08/2020 08:27:50',0:00:14'
09/08/2020 08:28:35',0:00:02'
09/08/2020 08:28:40',0:00:04'
09/08/2020 08:28:46',0:00:00'
09/08/2020 08:28:50',0:00:01'
09/08/2020 08:29:23',0:00:03'
09/08/2020 08:29:29',0:00:04'
09/08/2020 08:30:42',0:00:02'
09/08/2020 08:30:59',0:00:14'
09/08/2020 08:34:20',0:00:02'
09/08/2020 08:34:26',0:00:05'
09/08/2020 08:34:32',0:00:00'
09/08/2020 08:34:36',0:00:01'
09/08/2020 08:35:01',0:00:03'
09/08/2020 08:35:11',0:00:03'
09/08/2020 08:36:06',0:00:02'
09/08/2020 08:36:24',0:00:14'
09/08/2020 08:38:16',0:00:01'
09/08/2020 08:38:22',0:00:03'
09/08/2020 08:38:25',0:00:00'
09/08/2020 08:38:28',0:00:01'
09/08/2020 08:38:43',0:00:03'
09/08/2020 08:39:02',0:00:02'
09/08/2020 08:45:17',0:00:02'
09/08/2020 08:45:33',0:00:14'
09/08/2020 08:48:35',0:00:02'
09/08/2020 08:48:43',0:00:04'
09/08/2020 08:48:45',0:00:00'
09/08/2020 08:48:49',0:00:01'
09/08/2020 08:49:08',0:00:03'
09/08/2020 08:49:13',0:00:03'
09/08/2020 08:50:07',0:00:01'
09/08/2020 08:50:13',0:00:04'
09/08/2020 08:50:15',0:00:00'
09/08/2020 08:50:32',0:00:03'
09/08/2020 08:50:39',0:00:02'
09/08/2020 08:52:53',0:00:02'
09/08/2020 08:52:58',0:00:03'
09/08/2020 08:53:00',0:00:00'
09/08/2020 08:53:07',0:00:01'
09/08/2020 08:53:22',0:00:03'
09/08/2020 08:53:28',0:00:03'
09/08/2020 08:54:26',0:00:02'
09/08/2020 08:54:34',0:00:04'
09/08/2020 08:54:37',0:00:00'
09/08/2020 08:54:40',0:00:01'
09/08/2020 09:06:14',0:00:03'
09/08/2020 09:06:17',0:00:02'
09/08/2020 09:12:06',0:00:02'
09/08/2020 09:12:11',0:00:04'
09/08/2020 09:12:13',0:00:00'
09/08/2020 09:12:17',0:00:01'
09/08/2020 09:12:44',0:00:03'
09/08/2020 09:12:50',0:00:03'
09/08/2020 09:17:56',0:00:02'
09/08/2020 09:18:02',0:00:04'
09/08/2020 09:18:04',0:00:00'
09/08/2020 09:18:07',0:00:01'
09/08/2020 09:18:36',0:00:03'
09/08/2020 09:18:39',0:00:03'
09/08/2020 09:28:20',0:00:02'
09/08/2020 09:28:31',0:00:04'
09/08/2020 09:28:33',0:00:00'
09/08/2020 09:28:36',0:00:01'
09/08/2020 09:28:57',0:00:03'
09/08/2020 09:29:00',0:00:03'
09/08/2020 11:04:33',0:00:02'
09/08/2020 11:05:44',0:00:03'
09/08/2020 11:06:16',0:00:02'
09/08/2020 11:07:26',0:00:02'
09/08/2020 11:07:53',0:00:15'
09/08/2020 11:09:28',0:00:02'
09/08/2020 11:09:52',0:00:15'
09/08/2020 11:10:53',0:00:01'
09/08/2020 11:11:01',0:00:04'
09/08/2020 11:11:42',0:00:00'
09/08/2020 13:48:31',0:00:03'
09/08/2020 13:48:49',0:00:04'
09/08/2020 13:50:04',0:00:02'
09/08/2020 13:50:26',0:00:14'
09/08/2020 13:51:04',0:00:02'
09/08/2020 13:51:22',0:00:14'
09/08/2020 13:51:52',0:00:02'
09/08/2020 13:52:06',0:00:04'
09/08/2020 13:52:38',0:00:00'
09/08/2020 13:58:05',0:00:02'
09/08/2020 13:58:31',0:00:01'
09/08/2020 13:58:48',0:00:14'
09/08/2020 13:59:29',0:00:02'
09/08/2020 13:59:35',0:00:04'
09/08/2020 13:59:40',0:00:00'
09/08/2020 13:59:51',0:00:03'
09/08/2020 13:59:54',0:00:03'
09/08/2020 14:00:17',0:00:01'
09/08/2020 14:00:37',0:00:14'
09/08/2020 14:01:10',0:00:02'
09/08/2020 14:01:16',0:00:04'
09/08/2020 14:01:21',0:00:00'
09/08/2020 14:01:25',0:00:02'
09/08/2020 14:01:43',0:00:02'
09/08/2020 14:01:50',0:00:02'
09/08/2020 14:01:54',0:00:01'
09/08/2020 14:01:54',0:00:00'
09/08/2020 14:01:55',0:00:00'
09/08/2020 14:02:02',0:00:01'
09/08/2020 14:02:03',0:00:00'
09/08/2020 14:02:05',0:00:01'
09/08/2020 14:02:14',0:00:01'
09/08/2020 14:02:30',0:00:06'
09/08/2020 14:02:39',0:00:01'
09/08/2020 14:02:55',0:00:01'
09/08/2020 14:03:01',0:00:04'
09/08/2020 14:03:03',0:00:00'
09/08/2020 14:03:11',0:00:02'
09/08/2020 14:03:30',0:00:03'
09/08/2020 14:03:47',0:00:01'
09/08/2020 14:03:56',0:00:01'
09/08/2020 14:04:13',0:00:14'
09/08/2020 14:04:35',0:00:02'
09/08/2020 14:04:41',0:00:04'
09/08/2020 14:04:52',0:00:01'
09/08/2020 14:04:57',0:00:01'
09/08/2020 14:05:09',0:00:03'
09/08/2020 14:05:12',0:00:03'
09/08/2020 14:05:40',0:00:02'
09/08/2020 14:05:45',0:00:04'
09/08/2020 14:05:49',0:00:00'
09/08/2020 14:06:02',0:00:03'
09/08/2020 14:06:24',0:00:03'
09/08/2020 14:06:50',0:00:02'
09/08/2020 14:06:55',0:00:04'
09/08/2020 14:06:59',0:00:00'
09/08/2020 14:17:45',0:00:03'
09/08/2020 14:17:51',0:00:03'
09/08/2020 14:17:57',0:00:01'
09/08/2020 14:18:13',0:00:01'
09/08/2020 14:18:31',0:00:09'
09/08/2020 14:18:41',0:00:01'
09/08/2020 14:18:50',0:00:02'
09/08/2020 14:18:56',0:00:04'
09/08/2020 14:19:02',0:00:00'
09/08/2020 14:19:07',0:00:01'
09/08/2020 14:19:47',0:00:03'
09/08/2020 14:19:54',0:00:03'
09/08/2020 14:20:12',0:00:01'
09/08/2020 14:20:17',0:00:02'
09/08/2020 14:20:26',0:00:04'
09/08/2020 14:20:31',0:00:00'
09/08/2020 14:20:36',0:00:01'
09/08/2020 14:20:41',0:00:03'
09/08/2020 14:21:04',0:00:03'
09/08/2020 14:21:23',0:00:02'
09/08/2020 14:21:31',0:00:04'
09/08/2020 14:21:43',0:00:01'
09/08/2020 14:22:06',0:00:03'
09/08/2020 14:22:35',0:00:02'
09/08/2020 14:22:56',0:00:08'
09/08/2020 14:23:24',0:00:02'
09/08/2020 14:23:44',0:00:04'
09/08/2020 14:23:52',0:00:00'
09/08/2020 14:24:05',0:00:03'
09/08/2020 14:24:09',0:00:03'
09/08/2020 14:24:27',0:00:01'
09/08/2020 14:24:31',0:00:02'
09/08/2020 14:24:50',0:00:11'
09/08/2020 14:25:01',0:00:02'
09/08/2020 14:25:07',0:00:04'
09/08/2020 14:25:16',0:00:00'
09/08/2020 14:25:31',0:00:03'
09/08/2020 14:25:39',0:00:01'
09/08/2020 14:25:40',0:00:00'
09/08/2020 14:25:57',0:00:02'
09/08/2020 14:26:13',0:00:14'
09/08/2020 14:26:30',0:00:02'
09/08/2020 14:27:04',0:00:04'
09/08/2020 14:28:43',0:00:00'
09/08/2020 14:28:50',0:00:03'
09/08/2020 14:28:53',0:00:02'
09/08/2020 14:29:12',0:00:02'
09/08/2020 14:29:15',0:00:02'
09/08/2020 14:29:41',0:00:04'
09/08/2020 14:29:44',0:00:01'
09/08/2020 14:29:48',0:00:01'
09/08/2020 14:30:05',0:00:15'
09/08/2020 14:30:09',0:00:01'
09/08/2020 14:30:19',0:00:01'
09/08/2020 14:30:41',0:00:04'
09/08/2020 14:30:45',0:00:00'
09/08/2020 14:30:51',0:00:03'
09/08/2020 14:31:03',0:00:04'
09/08/2020 14:31:23',0:00:02'
09/08/2020 14:31:39',0:00:14'
09/08/2020 14:31:46',0:00:01'
09/08/2020 14:31:55',0:00:01'
09/08/2020 14:32:02',0:00:04'
09/08/2020 14:32:11',0:00:00'
09/08/2020 14:32:14',0:00:01'
09/08/2020 14:32:24',0:00:03'
09/08/2020 14:32:28',0:00:03'
09/08/2020 14:32:41',0:00:02'
09/08/2020 14:32:57',0:00:02'
09/08/2020 14:33:04',0:00:01'
09/08/2020 14:33:07',0:00:02'
09/08/2020 14:33:24',0:00:10'
09/08/2020 14:34:11',0:00:01'
09/08/2020 14:34:49',0:00:00'
09/08/2020 14:34:51',0:00:00'
09/08/2020 14:34:55',0:00:01'
09/08/2020 14:35:01',0:00:03'
09/08/2020 14:35:04',0:00:01'
09/08/2020 19:32:02',0:00:03'
09/08/2020 19:32:12',0:00:02'
09/08/2020 19:32:34',0:00:02'
09/08/2020 19:32:54',0:00:02'
09/08/2020 19:32:59',0:00:02'
09/08/2020 19:33:09',0:00:03'
09/08/2020 19:33:15',0:00:00'
09/08/2020 19:33:20',0:00:02'
09/08/2020 19:34:42',0:00:01'
09/08/2020 19:36:34',0:00:01'
09/08/2020 19:36:41',0:00:02'
10/08/2020 12:10:43',0:00:03'
10/08/2020 12:10:57',0:00:02'
10/08/2020 12:11:12',0:00:01'
10/08/2020 12:11:32',0:00:08'
10/08/2020 12:11:48',0:00:02'
10/08/2020 12:11:54',0:00:03'
10/08/2020 12:11:58',0:00:00'
10/08/2020 12:12:53',0:00:01'
10/08/2020 12:13:03',0:00:03'
10/08/2020 12:13:06',0:00:01'
10/08/2020 12:13:09',0:00:01'
10/08/2020 12:13:29',0:00:02'
10/08/2020 12:13:46',0:00:11'
10/08/2020 12:13:49',0:00:01'
10/08/2020 12:13:58',0:00:02'
10/08/2020 12:14:03',0:00:02'
10/08/2020 12:14:08',0:00:04'
10/08/2020 12:14:11',0:00:00'
10/08/2020 13:23:58',0:00:03'
10/08/2020 13:24:01',0:00:01'
10/08/2020 13:24:14',0:00:02'
10/08/2020 13:24:32',0:00:00'
10/08/2020 14:07:17',0:00:03'
10/08/2020 14:07:20',0:00:03'
10/08/2020 14:07:22',0:00:01'
10/08/2020 14:07:35',0:00:01'
10/08/2020 14:53:10',0:00:02'
10/08/2020 14:53:38',0:00:14'
10/08/2020 14:54:17',0:00:02'
10/08/2020 14:54:22',0:00:03'
10/08/2020 14:54:25',0:00:00'
10/08/2020 21:10:23',0:00:02'
11/08/2020 07:42:53',0:00:04'
11/08/2020 07:43:21',0:00:01'
11/08/2020 07:43:38',0:00:14'
11/08/2020 08:12:44',0:00:01'
11/08/2020 08:12:50',0:00:04'
11/08/2020 08:21:09',0:00:00'
11/08/2020 08:30:28',0:00:03'
11/08/2020 08:30:34',0:00:03'
11/08/2020 08:31:02',0:00:01'
11/08/2020 08:31:21',0:00:14'
11/08/2020 08:32:57',0:00:01'
11/08/2020 08:33:03',0:00:03'
11/08/2020 08:36:57',0:00:00'
11/08/2020 08:38:19',0:00:01'
11/08/2020 08:38:24',0:00:02'
11/08/2020 14:09:49',0:00:03'
11/08/2020 14:10:39',0:00:06'
11/08/2020 14:15:29',0:00:01'
11/08/2020 14:15:45',0:00:14'
11/08/2020 14:16:40',0:00:01'
11/08/2020 14:17:03',0:00:14'
11/08/2020 14:17:15',0:00:01'
11/08/2020 14:18:43',0:00:04'
11/08/2020 14:19:24',0:00:00'
11/08/2020 16:27:40',0:00:01'
11/08/2020 16:27:49',0:00:02'
11/08/2020 16:27:56',0:00:03'
11/08/2020 16:28:00',0:00:01'
11/08/2020 16:28:04',0:00:01'
11/08/2020 16:28:19',0:00:03'
11/08/2020 16:29:07',0:00:02'
11/08/2020 16:36:30',0:00:02'
11/08/2020 16:36:38',0:00:04'
11/08/2020 16:36:45',0:00:00'
11/08/2020 16:36:49',0:00:01'
11/08/2020 16:37:06',0:00:03'
11/08/2020 16:37:09',0:00:02'
11/08/2020 16:38:01',0:00:02'
11/08/2020 16:38:17',0:00:10'
11/08/2020 16:38:22',0:00:02'
11/08/2020 16:39:09',0:00:02'
11/08/2020 16:39:15',0:00:04'
11/08/2020 16:39:16',0:00:00'
11/08/2020 16:39:21',0:00:01'
11/08/2020 16:40:02',0:00:03'
11/08/2020 16:40:05',0:00:02'
11/08/2020 16:41:15',0:00:02'
11/08/2020 16:41:31',0:00:11'
11/08/2020 16:42:13',0:00:02'
11/08/2020 16:42:18',0:00:04'
11/08/2020 16:42:19',0:00:00'
11/08/2020 16:42:25',0:00:01'
11/08/2020 16:44:47',0:00:03'
11/08/2020 16:46:51',0:00:02'
11/08/2020 16:47:07',0:00:11'
11/08/2020 16:48:50',0:00:02'
11/08/2020 16:48:57',0:00:04'
11/08/2020 16:48:59',0:00:00'
11/08/2020 16:49:03',0:00:01'
11/08/2020 16:50:08',0:00:03'
11/08/2020 16:50:10',0:00:01'
11/08/2020 16:50:15',0:00:03'
11/08/2020 16:50:50',0:00:00'
11/08/2020 16:50:55',0:00:01'
11/08/2020 16:51:47',0:00:02'
11/08/2020 16:51:53',0:00:04'
11/08/2020 16:51:54',0:00:00'
11/08/2020 16:52:06',0:00:02'
11/08/2020 16:52:32',0:00:03'
11/08/2020 16:52:38',0:00:02'
11/08/2020 16:53:20',0:00:02'
11/08/2020 16:53:26',0:00:04'
11/08/2020 16:53:27',0:00:00'
11/08/2020 16:53:36',0:00:01'
11/08/2020 16:53:48',0:00:03'
11/08/2020 16:53:52',0:00:02'
11/08/2020 16:55:51',0:00:02'
11/08/2020 16:55:56',0:00:04'
11/08/2020 16:55:57',0:00:00'
11/08/2020 16:56:09',0:00:02'
11/08/2020 16:56:21',0:00:01'
11/08/2020 19:23:26',0:00:03'
11/08/2020 19:23:32',0:00:04'
11/08/2020 19:24:35',0:00:02'
11/08/2020 19:24:51',0:00:15'
11/08/2020 19:25:00',0:00:01'
11/08/2020 19:26:07',0:00:02'
11/08/2020 19:26:12',0:00:04'
11/08/2020 20:19:49',0:00:00'
11/08/2020 20:19:54',0:00:03'
11/08/2020 20:20:00',0:00:04'
11/08/2020 20:20:41',0:00:02'
11/08/2020 20:20:58',0:00:14'
11/08/2020 20:21:32',0:00:02'
11/08/2020 20:21:41',0:00:04'
11/08/2020 20:21:44',0:00:00'
11/08/2020 20:21:53',0:00:03'
11/08/2020 20:22:03',0:00:02'
11/08/2020 20:22:51',0:00:02'
11/08/2020 20:23:11',0:00:14'
11/08/2020 20:23:50',0:00:01'
11/08/2020 20:23:57',0:00:04'
11/08/2020 20:24:00',0:00:00'
11/08/2020 20:24:05',0:00:01'
11/08/2020 20:24:14',0:00:02'
11/08/2020 20:26:03',0:00:05'
11/08/2020 20:26:58',0:00:02'
11/08/2020 20:28:37',0:00:14'
12/08/2020 06:35:09',0:00:02'
12/08/2020 06:35:15',0:00:04'
12/08/2020 06:35:18',0:00:00'
12/08/2020 06:35:21',0:00:01'
12/08/2020 06:35:30',0:00:03'
12/08/2020 06:35:47',0:00:03'
12/08/2020 06:36:42',0:00:01'
12/08/2020 06:37:02',0:00:15'
12/08/2020 06:37:33',0:00:02'
12/08/2020 06:37:43',0:00:04'
12/08/2020 06:37:55',0:00:00'
12/08/2020 06:38:01',0:00:03'
12/08/2020 06:38:14',0:00:02'
12/08/2020 06:38:46',0:00:01'
12/08/2020 06:38:52',0:00:04'
12/08/2020 06:38:55',0:00:00'
12/08/2020 06:38:58',0:00:01'
12/08/2020 07:03:26',0:00:01'
12/08/2020 07:08:44',0:00:03'
12/08/2020 07:08:52',0:00:05'
12/08/2020 07:09:35',0:00:01'
12/08/2020 07:09:43',0:00:04'
12/08/2020 07:09:45',0:00:00'
12/08/2020 07:35:43',0:00:03'
12/08/2020 07:36:49',0:00:05'
12/08/2020 07:39:05',0:00:00'
12/08/2020 07:40:12',0:00:02'
12/08/2020 07:40:32',0:00:01'
12/08/2020 07:40:42',0:00:02'
12/08/2020 07:41:04',0:00:03'
12/08/2020 07:44:08',0:00:02'
12/08/2020 08:46:41',0:00:01'
12/08/2020 08:47:04',0:00:18'
12/08/2020 08:48:57',0:00:01'
12/08/2020 08:49:08',0:00:04'
12/08/2020 08:49:26',0:00:00'
12/08/2020 09:08:44',0:00:01'
12/08/2020 09:33:11',0:00:02'
12/08/2020 09:39:19',0:00:03'
12/08/2020 09:39:35',0:00:01'
12/08/2020 09:40:03',0:00:02'
12/08/2020 09:40:14',0:00:04'
12/08/2020 09:40:17',0:00:00'
12/08/2020 09:41:13',0:00:02'
12/08/2020 09:41:27',0:00:03'
12/08/2020 09:41:37',0:00:03'
12/08/2020 09:42:43',0:00:01'
12/08/2020 09:42:51',0:00:04'
12/08/2020 09:42:54',0:00:00'
12/08/2020 09:42:58',0:00:01'
12/08/2020 09:43:11',0:00:02'
12/08/2020 09:43:16',0:00:02'
12/08/2020 09:44:48',0:00:02'
12/08/2020 09:44:55',0:00:04'
12/08/2020 09:44:57',0:00:00'
12/08/2020 10:37:10',0:00:02'
12/08/2020 10:37:15',0:00:04'
12/08/2020 10:37:32',0:00:01'
12/08/2020 10:37:36',0:00:01'
12/08/2020 10:37:53',0:00:09'
12/08/2020 10:38:07',0:00:01'
12/08/2020 10:38:13',0:00:04'
12/08/2020 10:38:23',0:00:00'
12/08/2020 10:38:34',0:00:02'
12/08/2020 10:38:37',0:00:03'
12/08/2020 10:38:49',0:00:01'
12/08/2020 10:38:57',0:00:01'
12/08/2020 10:39:17',0:00:09'
12/08/2020 10:39:33',0:00:02'
12/08/2020 10:39:39',0:00:04'
12/08/2020 10:39:46',0:00:01'
12/08/2020 10:39:51',0:00:01'
12/08/2020 10:40:06',0:00:03'
12/08/2020 10:40:12',0:00:03'
12/08/2020 10:40:18',0:00:01'
12/08/2020 10:40:31',0:00:01'
12/08/2020 10:40:48',0:00:15'
12/08/2020 10:41:06',0:00:02'
12/08/2020 10:41:13',0:00:04'
12/08/2020 10:41:17',0:00:00'
12/08/2020 12:28:01',0:00:02'
12/08/2020 12:28:06',0:00:03'
12/08/2020 12:28:15',0:00:01'
12/08/2020 12:28:25',0:00:02'
12/08/2020 12:28:42',0:00:15'
12/08/2020 12:28:57',0:00:02'
12/08/2020 12:29:03',0:00:04'
12/08/2020 12:29:06',0:00:00'
12/08/2020 12:30:15',0:00:03'
12/08/2020 12:30:23',0:00:03'
12/08/2020 12:30:55',0:00:02'
12/08/2020 12:31:01',0:00:02'
12/08/2020 12:31:07',0:00:01'
12/08/2020 15:26:37',0:00:02'
12/08/2020 15:26:44',0:00:03'
12/08/2020 15:26:49',0:00:03'
12/08/2020 15:27:50',0:00:02'
12/08/2020 15:27:55',0:00:04'
12/08/2020 15:27:59',0:00:00'
12/08/2020 15:28:04',0:00:01'
12/08/2020 15:28:30',0:00:01'
12/08/2020 15:29:16',0:00:01'
12/08/2020 15:29:27',0:00:03'
12/08/2020 15:29:33',0:00:02'
12/08/2020 15:30:14',0:00:01'
12/08/2020 15:30:21',0:00:04'
12/08/2020 15:31:03',0:00:00'
12/08/2020 15:32:01',0:00:03'
12/08/2020 15:32:12',0:00:03'
12/08/2020 15:32:59',0:00:02'
12/08/2020 15:33:07',0:00:04'
12/08/2020 15:33:12',0:00:01'
12/08/2020 17:08:20',0:00:04'
12/08/2020 17:08:23',0:00:01'
12/08/2020 17:08:41',0:00:02'
12/08/2020 17:08:58',0:00:16'
12/08/2020 17:09:12',0:00:01'
12/08/2020 17:09:18',0:00:04'
12/08/2020 17:09:20',0:00:00'
13/08/2020 07:03:19',0:00:03'
13/08/2020 07:03:34',0:00:02'
13/08/2020 07:05:05',0:00:02'
13/08/2020 07:05:31',0:00:14'
13/08/2020 07:06:53',0:00:02'
13/08/2020 07:07:12',0:00:15'
13/08/2020 07:08:00',0:00:01'
13/08/2020 07:08:12',0:00:04'
13/08/2020 07:08:41',0:00:00'
13/08/2020 08:18:06',0:00:03'
13/08/2020 08:18:15',0:00:01'
13/08/2020 08:18:20',0:00:03'
13/08/2020 08:18:23',0:00:01'
13/08/2020 08:18:29',0:00:02'
13/08/2020 08:18:33',0:00:00'
13/08/2020 08:18:38',0:00:03'
13/08/2020 08:18:41',0:00:03'
13/08/2020 08:18:41',0:00:00'
13/08/2020 08:18:50',0:00:01'
13/08/2020 08:19:12',0:00:02'
13/08/2020 08:19:31',0:00:15'
13/08/2020 08:19:45',0:00:02'
13/08/2020 08:20:04',0:00:04'
13/08/2020 08:20:08',0:00:00'
13/08/2020 08:20:14',0:00:02'
13/08/2020 08:20:18',0:00:02'
13/08/2020 08:21:16',0:00:01'
13/08/2020 10:37:30',0:00:03'
13/08/2020 10:37:38',0:00:02'
13/08/2020 10:38:11',0:00:02'
13/08/2020 10:38:28',0:00:14'
13/08/2020 10:39:47',0:00:02'
13/08/2020 10:40:33',0:00:15'
13/08/2020 10:42:07',0:00:01'
13/08/2020 10:42:34',0:00:04'
13/08/2020 10:42:44',0:00:00'
13/08/2020 10:42:55',0:00:02'
13/08/2020 10:43:12',0:00:03'
13/08/2020 10:43:42',0:00:00'
13/08/2020 13:55:17',0:00:03'
13/08/2020 13:55:28',0:00:03'
13/08/2020 13:57:03',0:00:02'
13/08/2020 13:57:20',0:00:14'
13/08/2020 13:59:01',0:00:02'
13/08/2020 13:59:20',0:00:14'
13/08/2020 14:01:07',0:00:02'
13/08/2020 14:01:13',0:00:03'
13/08/2020 14:01:35',0:00:00'
14/08/2020 12:09:10',0:00:02'
14/08/2020 12:09:28',0:00:10'
14/08/2020 12:10:02',0:00:02'
14/08/2020 12:11:23',0:00:04'
14/08/2020 12:11:24',0:00:00'
14/08/2020 12:11:28',0:00:03'
14/08/2020 12:18:25',0:00:01'
14/08/2020 12:18:28',0:00:02'
14/08/2020 12:18:29',0:00:00'
14/08/2020 12:18:38',0:00:01'
14/08/2020 12:18:43',0:00:01'
14/08/2020 12:18:47',0:00:02'
14/08/2020 12:18:58',0:00:04'
14/08/2020 12:19:06',0:00:00'
14/08/2020 12:19:12',0:00:03'
14/08/2020 12:19:14',0:00:00'
14/08/2020 12:21:11',0:00:02'
14/08/2020 12:21:50',0:00:04'
14/08/2020 12:21:51',0:00:00'
14/08/2020 12:21:55',0:00:03'
14/08/2020 12:22:01',0:00:03'
14/08/2020 14:37:19',0:00:02'
14/08/2020 14:37:28',0:00:04'
14/08/2020 14:37:36',0:00:00'
14/08/2020 14:37:41',0:00:03'
14/08/2020 14:37:55',0:00:03'
14/08/2020 14:40:53',0:00:02'
14/08/2020 14:41:10',0:00:04'
14/08/2020 14:47:57',0:00:00'
14/08/2020 15:20:37',0:00:04'
14/08/2020 15:20:38',0:00:01'
14/08/2020 15:20:49',0:00:01'
14/08/2020 15:21:06',0:00:01'
14/08/2020 15:21:23',0:00:14'
14/08/2020 15:21:37',0:00:02'
14/08/2020 15:21:53',0:00:15'
14/08/2020 15:21:59',0:00:01'
14/08/2020 15:22:21',0:00:02'
14/08/2020 15:22:26',0:00:04'
14/08/2020 15:22:28',0:00:00'
15/08/2020 12:28:20',0:00:03'
15/08/2020 12:28:26',0:00:03'
15/08/2020 12:30:08',0:00:02'
15/08/2020 12:30:25',0:00:14'
15/08/2020 12:31:10',0:00:01'
15/08/2020 12:31:19',0:00:01'
15/08/2020 12:32:04',0:00:01'
15/08/2020 12:32:10',0:00:04'
15/08/2020 12:32:16',0:00:00'
15/08/2020 12:32:51',0:00:03'
15/08/2020 12:33:03',0:00:03'
15/08/2020 12:33:59',0:00:02'
15/08/2020 12:34:18',0:00:14'
15/08/2020 12:36:20',0:00:02'
15/08/2020 12:36:27',0:00:04'
15/08/2020 12:36:34',0:00:00'
15/08/2020 12:37:08',0:00:03'
15/08/2020 12:37:17',0:00:03'
15/08/2020 12:38:30',0:00:02'
15/08/2020 12:38:47',0:00:14'
15/08/2020 12:39:59',0:00:02'
15/08/2020 12:40:05',0:00:04'
15/08/2020 12:40:08',0:00:00'
15/08/2020 12:42:58',0:00:03'
15/08/2020 12:43:13',0:00:04'
15/08/2020 12:45:06',0:00:01'
15/08/2020 12:45:22',0:00:14'
15/08/2020 12:47:07',0:00:02'
15/08/2020 12:47:14',0:00:04'
15/08/2020 12:47:17',0:00:00'
15/08/2020 22:54:26',0:00:03'
15/08/2020 22:54:29',0:00:03'
15/08/2020 22:55:03',0:00:02'
15/08/2020 22:55:08',0:00:04'
15/08/2020 22:55:11',0:00:00'
15/08/2020 22:55:16',0:00:02'
16/08/2020 04:12:29',0:00:03'
16/08/2020 04:12:32',0:00:03'
16/08/2020 04:14:38',0:00:02'
16/08/2020 04:14:44',0:00:04'
16/08/2020 04:14:45',0:00:00'
16/08/2020 04:14:49',0:00:01'
16/08/2020 04:16:25',0:00:02'
16/08/2020 04:19:30',0:00:02'
16/08/2020 04:19:35',0:00:04'
16/08/2020 04:19:37',0:00:00'
16/08/2020 04:19:41',0:00:01'
16/08/2020 04:21:20',0:00:03'
16/08/2020 04:21:22',0:00:02'
16/08/2020 04:22:21',0:00:01'
16/08/2020 04:22:25',0:00:00'
16/08/2020 04:22:29',0:00:01'
16/08/2020 04:25:00',0:00:03'
16/08/2020 04:25:03',0:00:02'
16/08/2020 08:04:14',0:00:03'
16/08/2020 08:04:21',0:00:03'
16/08/2020 08:04:32',0:00:02'
16/08/2020 08:04:44',0:00:01'
16/08/2020 08:04:51',0:00:04'
16/08/2020 08:04:58',0:00:00'
16/08/2020 08:05:07',0:00:03'
16/08/2020 11:17:53',0:00:03'
16/08/2020 11:17:58',0:00:03'
16/08/2020 11:20:47',0:00:02'
16/08/2020 11:21:04',0:00:14'
16/08/2020 11:22:47',0:00:02'
16/08/2020 11:22:54',0:00:03'
16/08/2020 11:23:02',0:00:00'
16/08/2020 11:23:11',0:00:03'
16/08/2020 11:23:14',0:00:03'
16/08/2020 11:24:23',0:00:02'
16/08/2020 11:24:44',0:00:15'
16/08/2020 11:25:55',0:00:02'
16/08/2020 11:26:01',0:00:04'
16/08/2020 11:26:07',0:00:01'
17/08/2020 07:47:21',0:00:05'
17/08/2020 07:48:45',0:00:01'
17/08/2020 07:48:56',0:00:01'
17/08/2020 07:49:14',0:00:01'
17/08/2020 07:49:20',0:00:01'
17/08/2020 07:49:23',0:00:01'
17/08/2020 07:50:03',0:00:37'
17/08/2020 07:50:18',0:00:02'
17/08/2020 07:50:47',0:00:01'
17/08/2020 07:50:58',0:00:02'
17/08/2020 08:00:15',0:00:01'
17/08/2020 08:00:21',0:00:02'
17/08/2020 08:00:26',0:00:01'
17/08/2020 08:00:32',0:00:01'
17/08/2020 08:00:38',0:00:02'
17/08/2020 08:00:41',0:00:01'
17/08/2020 08:00:44',0:00:01'
17/08/2020 08:00:48',0:00:01'
17/08/2020 08:00:53',0:00:03'
17/08/2020 09:17:47',0:00:03'
17/08/2020 09:17:55',0:00:03'
17/08/2020 09:18:35',0:00:02'
17/08/2020 09:18:42',0:00:04'
17/08/2020 09:18:50',0:00:00'
17/08/2020 10:13:42',0:00:02'
17/08/2020 10:13:48',0:00:04'
17/08/2020 10:13:55',0:00:00'
17/08/2020 10:13:59',0:00:01'
17/08/2020 10:14:10',0:00:03'
17/08/2020 10:14:15',0:00:03'
17/08/2020 10:14:21',0:00:01'
17/08/2020 10:14:35',0:00:01'
17/08/2020 10:14:44',0:00:04'
17/08/2020 10:14:49',0:00:00'
17/08/2020 10:14:52',0:00:01'
17/08/2020 10:15:03',0:00:03'
17/08/2020 10:15:07',0:00:01'
17/08/2020 10:15:14',0:00:01'
17/08/2020 10:15:24',0:00:02'
17/08/2020 10:15:29',0:00:03'
17/08/2020 10:15:32',0:00:00'
17/08/2020 10:15:34',0:00:01'
17/08/2020 10:15:38',0:00:00'
17/08/2020 10:15:47',0:00:03'
17/08/2020 10:15:49',0:00:02'
17/08/2020 10:16:00',0:00:02'
17/08/2020 10:16:09',0:00:02'
17/08/2020 10:16:16',0:00:04'
17/08/2020 10:16:18',0:00:00'
17/08/2020 10:16:21',0:00:02'
17/08/2020 10:16:27',0:00:00'
17/08/2020 10:16:31',0:00:03'
17/08/2020 10:16:42',0:00:02'
17/08/2020 10:17:03',0:00:02'
17/08/2020 10:17:22',0:00:04'
17/08/2020 10:17:32',0:00:01'
17/08/2020 10:17:39',0:00:03'
17/08/2020 10:17:51',0:00:01'
17/08/2020 10:17:55',0:00:01'
17/08/2020 10:18:01',0:00:01'
17/08/2020 10:18:08',0:00:05'
17/08/2020 10:18:11',0:00:00'
17/08/2020 10:18:14',0:00:01'
17/08/2020 10:18:23',0:00:03'
17/08/2020 10:18:25',0:00:02'
17/08/2020 10:20:06',0:00:02'
17/08/2020 12:00:11',0:00:04'
17/08/2020 13:42:49',0:00:00'
17/08/2020 13:42:55',0:00:03'
17/08/2020 13:43:00',0:00:03'
17/08/2020 13:43:35',0:00:02'
17/08/2020 13:43:55',0:00:10'
17/08/2020 13:44:25',0:00:02'
17/08/2020 13:44:31',0:00:04'
17/08/2020 13:44:32',0:00:00'
17/08/2020 13:44:35',0:00:02'
17/08/2020 13:45:20',0:00:03'
17/08/2020 13:45:35',0:00:02'
17/08/2020 13:45:59',0:00:02'
17/08/2020 13:46:17',0:00:08'
17/08/2020 13:46:26',0:00:01'
17/08/2020 13:47:43',0:00:01'
17/08/2020 13:47:49',0:00:01'
17/08/2020 13:47:52',0:00:01'
17/08/2020 13:51:39',0:00:03'
17/08/2020 13:51:44',0:00:03'
17/08/2020 13:55:47',0:00:02'
17/08/2020 13:58:58',0:00:09'
17/08/2020 13:59:36',0:00:02'
17/08/2020 13:59:43',0:00:04'
17/08/2020 14:01:05',0:00:00'
17/08/2020 14:03:14',0:00:03'
17/08/2020 14:03:17',0:00:03'
17/08/2020 14:55:03',0:00:05'